#PATH-POINTS-START Red 1
-166.338,67.958,120,0
-164.342,68.09,120
-162.349,68.259,120
-160.36,68.47,120
-158.376,68.718,120
-156.396,69.001,120
-154.422,69.321,120
-152.453,69.672,120
-150.491,70.059,120
-148.534,70.475,120
-146.585,70.923,120
-144.643,71.398,120
-142.707,71.902,120
-140.779,72.433,120
-138.858,72.991,120
-136.945,73.573,120
-135.04,74.181,120
-133.142,74.811,120
-131.252,75.466,120
-129.37,76.142,120
-127.495,76.84,120
-125.629,77.559,120
-123.771,78.299,120
-121.921,79.058,120
-120.079,79.838,120
-118.245,80.636,120
-116.42,81.453,120
-114.602,82.287,120
-112.793,83.141,120
-110.992,84.01,120
-109.2,84.898,120
-107.415,85.801,120
-105.64,86.722,120
-103.873,87.658,120
-102.114,88.611,120
-100.364,89.579,120
-98.623,90.562,120
-96.89,91.562,120
-95.167,92.576,120
-93.452,93.606,120
-91.747,94.65,120
-90.051,95.711,120
-88.364,96.786,120
-86.687,97.875,120
-85.02,98.981,120
-83.363,100.101,120
-81.717,101.236,120
-80.081,102.387,120
-78.457,103.554,120
-76.843,104.735,120
-75.243,105.934,120
-73.654,107.15,120
-72.079,108.382,120
-70.518,109.632,120
-68.971,110.9,120
-67.44,112.187,120
-65.926,113.494,120
-64.431,114.822,120
-62.957,116.173,120
-61.504,117.549,120
-60.077,118.95,120
-58.877,120.175,120,0
-58.877,120.175,0,0
#PATH-POINTS-START Red 2
-164.067,-79.612,120,90
-162.615,-80.987,120
-161.163,-82.363,120
-159.712,-83.738,120
-158.26,-85.114,120
-156.808,-86.489,120
-155.356,-87.865,120
-153.904,-89.24,120
-152.452,-90.616,120
-151,-91.991,120
-149.548,-93.367,120
-148.096,-94.742,120
-146.644,-96.118,120
-145.192,-97.493,120
-143.741,-98.869,120
-142.289,-100.244,120
-140.837,-101.62,120
-139.385,-102.995,120
-137.933,-104.371,120
-136.481,-105.746,120
-135.029,-107.122,120
-133.577,-108.497,120
-132.125,-109.873,120
-130.673,-111.248,120
-129.222,-112.624,120
-127.77,-113.999,120
-126.318,-115.375,120
-124.866,-116.75,120
-123.414,-118.126,120
-121.962,-119.501,120
-120.352,-120.443,120,0
-118.356,-120.322,120
-116.359,-120.202,120
-114.363,-120.082,120
-112.367,-119.961,120
-110.37,-119.841,120
-108.374,-119.721,120
-106.377,-119.601,120
-104.381,-119.48,120
-102.385,-119.36,120
-100.388,-119.24,120
-98.392,-119.12,120
-96.396,-118.999,120
-94.399,-118.879,120
-92.403,-118.759,120
-90.406,-118.639,120
-88.41,-118.518,120
-86.414,-118.398,120
-84.417,-118.278,120
-82.421,-118.158,120
-80.424,-118.037,120
-78.428,-117.917,120
-76.432,-117.797,120
-74.435,-117.676,120
-72.439,-117.556,120
-70.443,-117.436,120
-68.446,-117.316,120
-66.45,-117.195,120
-64.453,-117.075,120
-62.457,-116.955,120
-60.461,-116.835,120
-58.12,-116.694,120,0
-58.12,-116.694,0,0
#PATH-POINTS-START Blue 1
161.343,60.39,120,270
160.21,58.742,120
159.077,57.094,120
157.944,55.446,120
156.811,53.798,120
155.678,52.15,120
154.545,50.502,120
153.412,48.853,120
152.278,47.205,120
151.145,45.557,120
150.012,43.909,120
148.879,42.261,120
147.746,40.613,120
146.613,38.965,120
145.48,37.317,120
144.347,35.669,120
143.214,34.021,120
142.081,32.373,120
140.948,30.725,120
139.815,29.076,120
138.682,27.428,120
137.549,25.78,120
136.416,24.132,120
135.283,22.484,120
134.15,20.836,120
133.016,19.188,120
131.883,17.54,120
130.75,15.892,120
129.617,14.244,120
128.484,12.596,120
127.351,10.948,120
126.218,9.299,120
125.085,7.651,120
123.952,6.003,120
122.819,4.355,120
121.686,2.707,120
120.553,1.059,120
119.417,-0.587,120,85
118.272,-2.227,120
117.108,-3.853,120
115.923,-5.465,120
114.716,-7.059,120
113.482,-8.633,120
112.219,-10.184,120
110.923,-11.707,120
109.587,-13.195,120
108.203,-14.638,120
106.765,-16.028,120
105.258,-17.343,120
103.666,-18.552,120
101.972,-19.614,120
100.152,-20.437,120
98.212,-20.899,120
96.222,-20.822,120
94.357,-20.125,120
92.762,-18.927,120
91.434,-17.434,120
90.323,-15.773,120
89.365,-14.018,120
88.527,-12.202,120
87.774,-10.35,120
87.087,-8.471,120
86.451,-6.575,120
85.856,-4.666,120
85.292,-2.747,120
84.751,-0.822,120
84.228,1.109,120
83.719,3.043,120
83.219,4.979,120
82.725,6.917,120
82.233,8.856,120
81.741,10.794,120
81.246,12.732,120
80.745,14.669,120
80.237,16.603,120
79.718,18.534,120
79.187,20.463,120
78.641,22.387,120
78.077,24.305,120
77.495,26.219,120
76.889,28.125,120
76.259,30.023,120
75.601,31.912,120
74.913,33.789,120
74.192,35.655,120
73.433,37.505,120
72.636,39.339,120
71.791,41.152,120
70.901,42.943,120
69.955,44.705,120
68.955,46.437,120
67.89,48.13,120
66.76,49.779,120
65.558,51.378,120
64.277,52.914,120
62.206,55.093,120,0
62.206,55.093,0,0
#PATH-POINTS-START Blue 2
164.37,-72.044,120,0
163.014,-73.515,120
161.659,-74.985,120
160.303,-76.456,120
158.948,-77.926,120
157.592,-79.397,120
156.236,-80.867,120
154.881,-82.338,120
153.525,-83.808,120
152.17,-85.279,120
150.814,-86.749,120
149.458,-88.22,120
148.103,-89.69,120
146.747,-91.161,120
145.391,-92.631,120
144.036,-94.102,120
142.68,-95.572,120
141.325,-97.043,120
139.969,-98.513,120
138.613,-99.984,120
137.258,-101.454,120
135.902,-102.925,120
134.547,-104.395,120
133.191,-105.866,120
131.835,-107.336,120
130.48,-108.806,120
129.124,-110.277,120
127.769,-111.747,120
126.413,-113.218,120
125.057,-114.688,120
123.702,-116.159,120
122.346,-117.629,120
120.991,-119.1,120
119.595,-120.469,120,0
117.599,-120.343,120
115.602,-120.221,120
113.606,-120.105,120
111.609,-119.994,120
109.611,-119.891,120
107.614,-119.795,120
105.616,-119.708,120
103.617,-119.629,120
101.618,-119.562,120
99.619,-119.507,120
97.619,-119.466,120
95.62,-119.442,120
93.62,-119.438,120
91.62,-119.459,120
89.62,-119.511,120
87.623,-119.605,120
85.628,-119.754,120
83.642,-119.983,120
81.673,-120.332,120
79.744,-120.858,120
77.863,-121.536,120
75.945,-122.097,120
73.969,-122.397,120
71.973,-122.521,120
69.973,-122.541,120
67.973,-122.497,120
65.975,-122.411,120
63.979,-122.293,120
61.984,-122.153,120
59.99,-121.995,120,0
60.134,-120.056,120
60.228,-118.059,120
60.289,-116.06,120
60.332,-114.06,120
60.364,-112.06,120
60.389,-110.06,120
60.408,-108.061,120
60.423,-106.061,120
60.436,-104.061,120
60.446,-102.061,120
60.455,-100.061,120
60.463,-98.061,120
60.469,-96.061,120
60.475,-94.061,120
60.481,-92.061,120
60.487,-90.061,120
60.492,-88.061,120
60.498,-86.061,120
60.504,-84.061,120
60.511,-82.061,120
60.518,-80.061,120
60.526,-78.061,120
60.535,-76.061,120
60.545,-74.061,120
60.555,-72.061,120
60.567,-70.061,120
60.58,-68.061,120
60.594,-66.061,120
60.609,-64.061,120
60.626,-62.061,120
60.644,-60.061,120
60.664,-58.061,120
60.693,-55.395,120,0
60.693,-55.395,0,0
#PATH.JERRYIO-DATA {"appVersion":"0.8.3","format":"path.jerryio v0.1","gc":{"robotWidth":30,"robotHeight":30,"robotIsHolonomic":false,"showRobot":false,"uol":1,"pointDensity":2,"controlMagnetDistance":5,"fieldImage":{"displayName":"V5RC 2025 - High Stakes","signature":"V5RC 2025 - High Stakes","origin":{"__type":"built-in"}},"coordinateSystem":"Path-Based Coordinates"},"paths":[{"segments":[{"controls":[{"uid":"9xPlsQmJPP","x":-166.33757178014767,"y":67.95775225594751,"lock":false,"visible":true,"heading":0,"__type":"end-point"},{"uid":"hPq9LZxNVJ","x":-124.71534044298606,"y":70.22805578342906,"lock":false,"visible":true,"__type":"control"},{"uid":"RFInq5eDW9","x":-77.79573420836752,"y":100.49876948318295,"lock":false,"visible":true,"__type":"control"},{"uid":"5M1SpjOiPh","x":-58.87653814602134,"y":120.17473338802299,"lock":false,"visible":true,"heading":0,"__type":"end-point"}],"speedProfiles":[],"lookaheadKeyframes":[],"uid":"UhJnuKkFCg"}],"pc":{"speedLimit":{"minLimit":{"value":0,"label":"0"},"maxLimit":{"value":600,"label":"600"},"step":1,"from":40,"to":120},"bentRateApplicableRange":{"minLimit":{"value":0,"label":"0"},"maxLimit":{"value":1,"label":"1"},"step":0.001,"from":0,"to":0}},"name":"Red 1","uid":"YA49fVEvd7","lock":false,"visible":true},{"segments":[{"controls":[{"uid":"I5CvzFUrPq","x":-164.06726825266614,"y":-79.61197703035275,"lock":false,"visible":true,"heading":90,"__type":"end-point"},{"uid":"U1SGZtjrNj","x":-120.93150123051683,"y":-120.4774405250205,"lock":false,"visible":true,"heading":0,"__type":"end-point"}],"speedProfiles":[],"lookaheadKeyframes":[],"uid":"2SEqFnyLa4"},{"controls":[{"uid":"U1SGZtjrNj","x":-120.93150123051683,"y":-120.4774405250205,"lock":false,"visible":true,"heading":0,"__type":"end-point"},{"uid":"nN3FH6wNpE","x":-58.11977030352749,"y":-116.69360131255127,"lock":false,"visible":true,"heading":0,"__type":"end-point"}],"speedProfiles":[],"lookaheadKeyframes":[],"uid":"AxnZJWtSD3"}],"pc":{"speedLimit":{"minLimit":{"value":0,"label":"0"},"maxLimit":{"value":600,"label":"600"},"step":1,"from":40,"to":120},"bentRateApplicableRange":{"minLimit":{"value":0,"label":"0"},"maxLimit":{"value":1,"label":"1"},"step":0.001,"from":0,"to":0.1}},"name":"Red 2","uid":"iimUj4eHSL","lock":false,"visible":true},{"segments":[{"controls":[{"uid":"KrvdaZOW4L","x":161.34290401968815,"y":60.39007383100911,"lock":false,"visible":true,"heading":270,"__type":"end-point"},{"uid":"NFZbGYLU1a","x":119.72067268252665,"y":-0.1513535684987609,"lock":false,"visible":true,"heading":85,"__type":"end-point"}],"speedProfiles":[],"lookaheadKeyframes":[],"uid":"PyQx8No4nW"},{"controls":[{"uid":"NFZbGYLU1a","x":119.72067268252665,"y":-0.1513535684987609,"lock":false,"visible":true,"heading":85,"__type":"end-point"},{"uid":"SA9shcnq0W","x":78.09844134536516,"y":-60.69278096800663,"lock":false,"visible":true,"__type":"control"},{"uid":"xJQhUCzIHs","x":90.96349466776046,"y":27.47067268252667,"lock":false,"visible":true,"__type":"control"},{"uid":"lGBgCADfG0","x":62.20631665299425,"y":55.0926989335521,"lock":false,"visible":true,"heading":0,"__type":"end-point"}],"speedProfiles":[],"lookaheadKeyframes":[],"uid":"QI1ghl50tl"}],"pc":{"speedLimit":{"minLimit":{"value":0,"label":"0"},"maxLimit":{"value":600,"label":"600"},"step":1,"from":40,"to":120},"bentRateApplicableRange":{"minLimit":{"value":0,"label":"0"},"maxLimit":{"value":1,"label":"1"},"step":0.001,"from":0,"to":0.1}},"name":"Blue 1","uid":"czRz4BM43U","lock":false,"visible":true},{"segments":[{"controls":[{"uid":"eizI6j2IbY","x":164.36997538966367,"y":-72.04429860541427,"lock":false,"visible":true,"heading":0,"__type":"end-point"},{"uid":"95Zc6inhXr","x":119.72067268252665,"y":-120.4774405250205,"lock":false,"visible":true,"heading":0,"__type":"end-point"}],"speedProfiles":[],"lookaheadKeyframes":[],"uid":"pphfukOMcT"},{"controls":[{"uid":"95Zc6inhXr","x":119.72067268252665,"y":-120.4774405250205,"lock":false,"visible":true,"heading":0,"__type":"end-point"},{"uid":"WkwVMaUFbj","x":61.4495488105004,"y":-116.69360131255127,"lock":false,"visible":true,"__type":"control"},{"uid":"1DznoZ4Mkg","x":91.72026251025429,"y":-124.63966365873667,"lock":false,"visible":true,"__type":"control"},{"uid":"vHFoZyR8ZB","x":59.93601312551271,"y":-121.9909762100082,"lock":false,"visible":true,"heading":0,"__type":"end-point"}],"speedProfiles":[],"lookaheadKeyframes":[],"uid":"WlUCj5rYYN"},{"controls":[{"uid":"vHFoZyR8ZB","x":59.93601312551271,"y":-121.9909762100082,"lock":false,"visible":true,"heading":0,"__type":"end-point"},{"uid":"DSFbfsLBhE","x":60.69278096800655,"y":-118.20713699753897,"lock":false,"visible":true,"__type":"control"},{"uid":"6zjYG8mqd4","x":60.31439704675963,"y":-88.69319114027891,"lock":false,"visible":true,"__type":"control"},{"uid":"CKzW46ovNg","x":60.69278096800655,"y":-55.395406070549626,"lock":false,"visible":true,"heading":0,"__type":"end-point"}],"speedProfiles":[],"lookaheadKeyframes":[],"uid":"HeXeDlDuwo"}],"pc":{"speedLimit":{"minLimit":{"value":0,"label":"0"},"maxLimit":{"value":600,"label":"600"},"step":1,"from":40,"to":120},"bentRateApplicableRange":{"minLimit":{"value":0,"label":"0"},"maxLimit":{"value":1,"label":"1"},"step":0.001,"from":0,"to":0.1}},"name":"Blue 2","uid":"rFR0of3Cw0","lock":false,"visible":true}]}